Cost of no PM: 4414794.8
Solution: 3351071.200000 (111100001101011001101101001110010100001100110110111000101010010111101011100100101011110010110001010001011010111011111101)
pmCost: 458200.000000
 cmCost: 1136633.200000 
 penaltyCost: 1756238.000000
 totalCost: 3351071.200000
avgPMTime: 288.000000 
 avgCMTime: 737.183000 
 totalDowntime: 1025.183000
time: 620.498141
---

Solution: 3300715.400000 (10110101001100100011111111011001001111100011110010011100000101100010101110110001011001010111010011101011110101110100011)
pmCost: 425400.000000
 cmCost: 1205963.400000 
 penaltyCost: 1669352.000000
 totalCost: 3300715.400000
avgPMTime: 284.000000 
 avgCMTime: 687.877000 
 totalDowntime: 971.877000
time: 673.701698
---